42509367
42480195
42351458
42317899
42251926
42248681
42148577
42044185
41884452
41833174
41827002
41708567
41681713
41662405
41601210
41578914
41557724
41545441
41516578
41206443
41183705
41171893
40882150
40835166
40788955
40751696
40571886
40503688
40209729
40097175
39977056
39972477
39759638
39636259
39620308
39550979
39435048
39194193
39134458
39113381
38980575
38942174
38793670
38712100
38681627
38518559
38503028
38482314
38436801
38345251
38313186
38291109
38257751
38005845
37963312
37780908
37767431
37766342
37766300
37647515
37573050
37554332
37499611
37427537
37417532
37263391
37261378
37200264
37130982
37112887
37036441
36992364
36980445
36888805
36828533
36548675
36512513
36426952
36355890
36303183
36298682
36287995
36241653
36194728
35988010
35886607
35811081
35747186
35708411
35685859
35604130
35507552
35497567
35397074
35389998
35313403
35222574
35074951
35001928
34931760
34929668
34926034
34883813
34880307
34854666
34733567
34724872
34709642
34583255
34555500
34504185
34372606
34359311
34293361
34290707
34280138
34280136
34232731
34201849
34193660
34104155
34014983
33919324
33900180
33835996
33793682
33782214
33635874
33533869
33475609
33421159
33245437
33241785
33228680
33212068
33180784
33176708
33169584
33106679
33017959
33008118
32991592
32964929
32925941
32841419
32832567
32829138
32762658
32731875
32714016
32659449
32656109
32655070
32611971
32579555
32554305
32520127
32517281
32491129
32484863
32478506
32426600
36132417
32418268
32182271
32164538
32134017
32107080
32069280
32005065
31995566
31967302
31954721
31945940
31893321
31819129
31798807
31710119
31616598
31562846
31552611
31487279
31442225
31416485
31392955
31372218
31240885
31090222
30983805
30971466
30961645
30865680
30840708
30782365
30779938
30727040
30587193
30562608
30541932
30429254
30342068
30335151
30096193
30087165
30029548
29964076
29947711
29912689
33601826
29751761
29661824
29609533
29567514
29529852
29486726
29429267
29409531
29379526
29305550
29176643
29167907
29107414
29063886
29020159
28978319
28964768
28893984
28852878
28851293
28831747
28749765
28740517
28716913
28712153
28706387
28683141
28620811
28591316
28505571
28389145
28367875
28367194
28284209
28274665
28148797
28094237
28052760
28042883
28006649
27955870
27955749
27894268
27834337
27347853
27278716
27225409
27190798
27185768
27184801
27142330
27102820
27086157
27067800
27004576
26991505
26984143
26941578
26927901
26867379
26822788
26709822
26669014
26610481
26599483
26591143
26499030
26406240
26293345
26260863
26193930
26173484
26119545
26118588
26070890
25597820
25588659
25502522
25492656
25455901
25412170
25366086
25330157
25303282
25302194
25275493
25268134
25253212
25242312
25229228
25191051
25102066
24984164
24779373
24751715
24747585
24739838
24732134
24728377
24690324
24657172
24646519
24639854
24571329
24390973
24386498
26852684
24260501
24238889
24161816
24116697
23871166
23843297
23781709
23760532
23725365
23717529
23691632
23577865
23530846
23444623
23375045
23349667
25586260
23270684
23258983
23081772
23041057
22981010
22826488
22546090
22441389
22419801
33065885
22183454
22084954
22040846
22012979
21996098
21887054
21874746
21824813
21811645
21798288
21788702
21722533
21713023
21710849
21706935
21706934
21572520
21569796
21525305
21508167
21304196
21284891
21277249
21251561
21228146
21134275
21063991
21035827
20958892
20884152
20824173
20810840
20727470
20625558
20578057
20573879
20496327
20426686
20410325
20404453
20156198
20021846
19963435
19733994
19232866
19232865
19232857
19156192
19022293
19020106
18714359
18685015
18316978
18279077
18191361
18052531
17889487
17683980
17620648
17609831
17140671
16988003
16891505
16859538
15184425
13679612
12922127
12886411
12853395
12668268
11980973
11825945
11166901
11002252
10698995
9890415
9215155
8530570
9805082
7512096
